Loop  Trapezoidal     Simpson         Newton-Cotes   
2     0.2911019409101 0.4682236384148 0.1248418909775
3     0.1512540122121 0.1939600578378 0.0624881145648
4     0.1034778748092 0.1582048298652 0.0416642119378
5     0.0789418953103 0.0994235017667 0.0312492100305
6     0.0639189587834 0.0959331447292 0.0249996737849
7     0.0537475488625 0.0670811401594 0.0208331753048
8     0.0463934277559 0.0689533759824 0.0178570573227
9     0.0408234829344 0.0506724259363 0.0156249497712
10    0.0364561016161 0.0538525614971 0.0138888574925
11    0.0329383434526 0.0407337712673 0.0124999793825
12    0.0300434092617 0.0441915851157 0.0113636222723
